year	month	day	site	northwell	eastwell	centerwell	southwell	westwell	NorthCaseHeight	EastCaseHeight	CenterCaseHeight	SouthCaseHeight	WestCaseHeight
2019	1	18	1	356.5	413	378.5	424	351	60.9	82	65.7	116	99.7
2019	1	15	2	292	301	284	289	276	101.3	103.8	94	105.2	91.4
2019	1	14	3	173	179	175	143	185	16.4	7.8	16.4	12.6	17
2019	1	15	4	206.5	196	187	193	130	108.6	72.2	82	70.4	5
2019	1	16	5	.	.	.	.	.	.	.	.	.	.
2019	1	16	6	148.5	176.5	157.5	172	159.5	47	48.8	50.3	53.4	53.9
2019	1	17	7	301.5	298	301	284	330.5	16.8	16.3	17	10.4	21.8
2019	1	14	8	231	248.5	167	163	233	91.6	97.5	94.8	101.2	119.8
2019	1	.	9	.	.	.	.	.	35.1	76.4	45	71.2	60.2
2019	1	15	10	333	377.5	314	356	336	71.4	51.3	59.7	69	76.4
2019	1	19	11	231.5	247	255	261	274	44.9	50.3	78.1	81.1	63.1
2019	1	18	12	255	240	230	253.5	260	72.3	54.6	44.6	65.1	50.3
2019	1	15	13	158	184	161	132	173	25.7	82.4	28.1	25.5	30.4
2019	1	19	14	221	209	215	226	213	59	36	40.4	41.2	40
2019	1	16	15	117	143	108	114.5	70	15	13.2	14.2	9.6	23
2019	1	15	16	194	221	214.5	206.5	191	31.1	70.4	46.3	59.3	71.3
2019	1	18	17	263	268	242.5	257	272	97.4	97.5	41.8	83.8	66.1
2019	1	16	18	155	222	183.5	187.5	176	36.7	61.3	63	59.5	51.2
2019	1	16	19	216	137	187	184	180	51	52.5	61.7	49.8	51.5
2019	1	16	20	99	246	73	69	257	34	25.5	15.8	21.5	43.7
2019	1	16	21	245.5	308	302	324	280	31.2	12.2	30.6	28.8	27.8
2019	1	19	22	156	118	150	117	196	38.8	33.3	49.4	24.8	37
2019	1	20	23	141	226.5	137	167.5	148.5	19.8	20.7	27.9	32	25.7
2019	1	18	24	.	.	.	.	.	.	.	.	.	.
2019	1	15	25	157	171	159	179	163.5	23.3	43	34.4	47.2	27
2019	1		26						56.2	68.8	76.4	51.8	66.6
2019	1	19	27	126.5	120	127	161	138.5	13	18.4	8.1	24.2	9.8
2019	1	17	28	238	230.5	243	243.5	236	86	90.6	95.8	96.1	85.4
2019	1	18	29	167	138	171	178	167	102	55	53.7	25.8	35.2
2019	1	14	30	167	322	91	352.5	168	85.3	38	80.6	79	118.5
2019	1	16	31	132	129	291	147	225	59.6	57.3	68.4	63	54.2
2019	1	17	32	262	315	308	291	317	53	47.6	75.8	39.5	62
2019	1	17	33	318	309	303	269.5	354	60.5	77.6	51.8	41.5	55.7
2019	2	20	1	348.5	414	371	416	342	60.9	82	65.7	116	99.7
2019	2	20	2	291	300	280	288	275	101.3	103.8	94	105.2	91.4
2019	2	25	3	170	175	172	140	181	16.4	7.8	16.4	12.6	17
2019	2	21	4	208.5	196	188	195	132	108.6	72.2	82	70.4	5
2019	2	25	5	.	.	.	.	.	.	.	.	.	.
2019	2	21	6	144	168.5	151	165	154	47	48.8	50.3	53.4	53.9
2019	2	21	7	300	297	291	283	330	16.8	16.3	17	10.4	21.8
2019	2	26	8	227.5	250	164	161	226	91.6	97.5	94.8	101.2	119.8
2019	2		9						35.1	76.4	45	71.2	60.2
2019	2	20	10	320	370	303	347	324	71.4	51.3	59.7	69	76.4
2019	2	23	11	220.5	236.5	243.5	250.5	262.7	44.9	50.3	78.1	81.1	63.1
2019	2	25	12	233	217.5	208.5	233	239	72.3	54.6	44.6	65.1	50.3
2019	2	20	13	163	179	162.5	121	177	25.7	82.4	28.1	25.5	30.4
2019	2	21	14	230	218	225	237	223.5	59	36	40.4	41.2	40
2019	2	20	15	120	147.5	113	119	74	15	13.2	14.2	9.6	23
2019	2	25	16	187	213	207.5	201	186	31.1	70.4	46.3	59.3	71.3
2019	2	21	17	260	265	208	252	214	97.4	97.5	41.8	83.8	66.1
2019	2	20	18	161	227	189	193	181	36.7	61.3	63	59.5	51.2
2019	2	20	19	222	142	193	189	185	51	52.5	61.7	49.8	51.5
2019	2	20	20	100	248	75	59	256	34	25.5	15.8	21.5	43.7
2019	2	20	21	226.5	298	283.5	306	185	31.2	12.2	30.6	28.8	27.8
2019	2	23	22	147	104	140	105	187	38.8	33.3	49.4	24.8	37
2019	2	21	23	178	235	145	175	156	19.8	20.7	27.9	32	25.7
2019	2	22	24	.	.	.	.	.	.	.	.	.	.
2019	2	21	25	157.5	172.5	160.5	181.5	165	23.3	43	34.4	47.2	27
2019	2		26						56.2	68.8	76.4	51.8	66.6
2019	2	25	27	118	112	117.5	153	.	13	18.4	8.1	24.2	9.8
2019	2	20	28	246	239.5	252	253	244	86	90.6	95.8	96.1	85.4
2019	2	20	29	166	136	171	177	168	102	55	53.7	25.8	35.2
2019	2	20	30	176	332	100	360	175.5	85.3	38	80.6	79	118.5
2019	2	20	31	134	133	195	150	228	59.6	57.3	68.4	63	54.2
2019	2	21	32	257	311	304	286	311	53	47.6	75.8	39.5	62
2019	2	21	33	301	290	286.5	253.5	339	60.5	77.6	51.8	41.5	55.7
2019	3	20	1	322	394	345	388.5	309	60.9	82	65.7	116	99.7
2019	3	19	2	265	286	263.5	272	260	101.3	103.8	94	105.2	91.4
2019	3	18	3	140.5	145.5	143.5	114	154.5	16.4	7.8	16.4	12.6	17
2019	3	19	4	172	161	152	159	98	108.6	72.2	82	70.4	5
2019	3	19	5	.	.	.	.	.	.	.	.	.	.
2019	3	18	6	125.5	148	132	146.5	136	47	48.8	50.3	53.4	53.9
2019	3	21	7	290	287	281	273	320	16.8	16.3	17	10.4	21.8
2019	3	18	8	207.5	230	144.5	144	206	91.6	97.5	94.8	101.2	119.8
2019	3		9						35.1	76.4	45	71.2	60.2
2019	3	21	10	290.5	339.5	266	306.5	281	71.4	51.3	59.7	69	76.4
2019	3	23	11	187.5	201	211	218.5	232.5	44.9	50.3	78.1	81.1	63.1
2019	3	22	12	204	184.5	178	203	218	72.3	54.6	44.6	65.1	50.3
2019	3	19	13	129	158	132	94	146	25.7	82.4	28.1	25.5	30.4
2019	3	21	14	192	180.5	186.5	197	184	59	36	40.4	41.2	40
2019	3	20	15	96	120	87	93	52	15	13.2	14.2	9.6	23
2019	3	19	16	164.5	190	185	177	165	31.1	70.4	46.3	59.3	71.3
2019	3	19	17	243.5	247	190	235	197	97.4	97.5	41.8	83.8	66.1
2019	3	20	18	130	197	158	161	149	36.7	61.3	63	59.5	51.2
2019	3	20	19	190	112	160	157	151.5	51	52.5	61.7	49.8	51.5
2019	3	20	20	77	230	50	42	225	34	25.5	15.8	21.5	43.7
2019	3	20	21	205	285	270	296.5	168	31.2	12.2	30.6	28.8	27.8
2019	3	23	22	131	87	124	87	173.5	38.8	33.3	49.4	24.8	37
2019	3	21	23	127.5	213.5	122	151	132	19.8	20.7	27.9	32	25.7
2019	3	22	24	.	.	.	.	.	.	.	.	.	.
2019	3	19	25	124	138.5	128.5	151	136	23.3	43	34.4	47.2	27
2019	3		26						56.2	68.8	76.4	51.8	66.6
2019	3	22	27	97	92.5	97.5	132	105.5	13	18.4	8.1	24.2	9.8
2019	3	21	28	251	244	256	257.5	248	86	90.6	95.8	96.1	85.4
2019	3	20	29	139.5	112	147.5	154	148	102	55	53.7	25.8	35.2
2019	3	18	30	161	319	84	342	155	85.3	38	80.6	79	118.5
2019	3	20	31	112	112.5	171.5	127	204.5	59.6	57.3	68.4	63	54.2
2019	3	21	32	231	285	277	259	283	53	47.6	75.8	39.5	62
2019	3	22	33	281.5	271.5	266.5	234.5	319.5	60.5	77.6	51.8	41.5	55.7
2019	4	15	1	288	366.5	312	356	275	60.9	82	65.7	116	99.7
2019	4	16	2	264.5	275.5	252.5	260	246	101.3	103.8	94	105.2	91.4
2019	4	15	3	115	113	118.5	86	135.5	16.4	7.8	16.4	12.6	17
2019	4	16	4	161	149.5	140.5	147.5	86	108.6	72.2	82	70.4	5
2019	4	16	5	.	.	.	.	.	.	.	.	.	.
2019	4	18	6	116	141	123	108	107	47	48.8	50.3	53.4	53.9
2019	4	18	7	275	273	267	258	304	16.8	16.3	17	10.4	21.8
2019	4	15	8	190.5	217	129	126.5	188	91.6	97.5	94.8	101.2	119.8
2019	4	17	10	274	323	247	286.5	260	35.1	76.4	45	71.2	60.2
2019	4	20	11	165.5	178	188.5	194.5	210.5	71.4	51.3	59.7	69	76.4
2019	4	16	12	188	166	161	183	207	44.9	50.3	78.1	81.1	63.1
2019	4	18	13	118	145.5	119	82	134	72.3	54.6	44.6	65.1	50.3
2019	4	18	14	185	176	182.5	196	179	25.7	82.4	28.1	25.5	30.4
2019	4	17	15	66	96	59	70	25.5	59	36	40.4	41.2	40
2019	4	16	16	155	178	174	166.5	155.5	15	13.2	14.2	9.6	23
2019	4	18	17	229	232	176	222	184	31.1	70.4	46.3	59.3	71.3
2019	4	17	18	108	174	137	142	135	97.4	97.5	41.8	83.8	66.1
2019	4	17	19	169	88.5	140.5	138	134.5	36.7	61.3	63	59.5	51.2
2019	4	17	20	66	220	37	29	209	51	52.5	61.7	49.8	51.5
2019	4	17	21	211.5	286.5	271	296	173.5	34	25.5	15.8	21.5	43.7
2019	4	20	22	122	80	116	78	167	31.2	12.2	30.6	28.8	27.8
2019	4	18	23	24.5	214	120.5	42.5	125.5	38.8	33.3	49.4	24.8	37
2019	4	12	24	.	.	.	.	.	19.8	20.7	27.9	32	25.7
2019	4	16	25	109.5	123.5	114	137	126	23.3	43	34.4	47.2	27
2019	4		26						23.3	43	34.4	47.2	27
2019	4	15	27	72.5	62	72	107	79.5	56.2	68.8	76.4	51.8	66.6
2019	4	18	28	214	207	220	220	215	13	18.4	8.1	24.2	9.8
2019	4	17	29	136	105.5	138.5	144	139	86	90.6	95.8	96.1	85.4
2019	4	15	30	156.5	316	74	330	143.5	102	55	53.7	25.8	35.2
2019	4	17	31	93	92	152	107	185.5	85.3	38	80.6	79	118.5
2019	4	26	32	202	264	248	230	247.5	59.6	57.3	68.4	63	54.2
2019	4	18	33	269	260	255.5	223.5	306.5	53	47.6	75.8	39.5	62
2019	4	18	34	.	.	.	.	.	60.5	77.6	51.8	41.5	55.7
2019	5	20	1	249.5	335	273.5	319	228	60.9	82	65.7	116	99.7
2019	5	21	2	237.5	250.5	224	230	.	101.3	103.8	94	105.2	91.4
2019	5	23	3	-49	.	-47	-78	.	16.4	7.8	16.4	12.6	17
2019	5	21	4	98	83	77	86.5	24	108.6	72.2	82	70.4	5
2019	5	24	5	.	.	.	.	.	.	.	.	.	.
2019	5	25	6	75	96	84.5	100	91	47	48.8	50.3	53.4	53.9
2019	5	24	7	261	253	253	244	292.5	16.8	16.3	17	10.4	21.8
2019	5	22	8	129	161.5	89	61.5	131	91.6	97.5	94.8	101.2	119.8
2019	5	20	10	201	256.5	167	201	175.5	35.1	76.4	45	71.2	60.2
2019	5	20	11	106	103	120	131	160	71.4	51.3	59.7	69	76.4
2019	5	20	12	122	80	92	116	174	44.9	50.3	78.1	81.1	63.1
2019	5	20	13	16	79	26	2.5	22.5	72.3	54.6	44.6	65.1	50.3
2019	5	24	14	180	169	173	184.5	172.5	25.7	82.4	28.1	25.5	30.4
2019	5	21	15	42	60.5	31.5	36.5	4	59	36	40.4	41.2	40
2019	5	21	16	110.5	127	128	121	.	15	13.2	14.2	9.6	23
2019	5	24	17	183	186	133	179	140	31.1	70.4	46.3	59.3	71.3
2019	5	23	18	52	123	78	78.5	60	97.4	97.5	41.8	83.8	66.1
2019	5	23	19	122	45	90	84	76	36.7	61.3	63	59.5	51.2
2019	5	21	20	-28.5	166	.	.	.	51	52.5	61.7	49.8	51.5
2019	5	22	21	169.5	244	227	252	124	34	25.5	15.8	21.5	43.7
2019	5	20	22	99	56	94	55.5	150	31.2	12.2	30.6	28.8	27.8
2019	5	22	23	3	139	36	34.5	49	38.8	33.3	49.4	24.8	37
2019	5	24	24	.	.	.	.	.	19.8	20.7	27.9	32	25.7
2019	5	21	25	36	45	40	67	49	23.3	43	34.4	47.2	27
2019	5	19	26	343	391	376	356	358	23.3	43	34.4	47.2	27
2019	5	21	27	0	.	-1	29	6.5	56.2	68.8	76.4	51.8	66.6
2019	5	22	28	216	210.5	222.5	223	214	13	18.4	8.1	24.2	9.8
2019	5	20	29	63.5	34	51.5	59	33.5	86	90.6	95.8	96.1	85.4
2019	5	22	30	118.5	273.5	40	300	118	102	55	53.7	25.8	35.2
2019	5	22	31	-1.5	-28.5	56.5	1.5	99	85.3	38	80.6	79	118.5
2019	5	24	32	174	249.5	223	213.5	211.5	59.6	57.3	68.4	63	54.2
2019	5	22	33	67	65.5	-2	-31	78.5	53	47.6	75.8	39.5	62
2019	5	22	34	.	.	.	.	.	60.5	77.6	51.8	41.5	55.7
2019	6	21	1	225.5	320	256	305	213.5	60.9	82	65.7	116	99.7
2019	6	18	2	234	247	219.5	225	209	101.3	103.8	94	105.2	91.4
2019	6	20	3	.	.	.	.	.	16.4	7.8	16.4	12.6	17
2019	6	18	4	78	63	55.5	62	-5	108.6	72.2	82	70.4	5
2019	6	17	5	.	.	.	.	.	.	.	.	.	.
2019	6	17	6	50	74	56.5	69.5	53.5	47	48.8	50.3	53.4	53.9
2019	6	20	7	257	252.5	248	239	286	16.8	16.3	17	10.4	21.8
2019	6	19	8	128	157.5	65	58	126	91.6	97.5	94.8	101.2	119.8
2019	6	21	10	143	212	119	179	129	35.1	76.4	45	71.2	60.2
2019	6	19	11	90.5	84	111.5	116.5	150	71.4	51.3	59.7	69	76.4
2019	6	18	12	102	57	71	95	164.5	44.9	50.3	78.1	81.1	63.1
2019	6	17	13	-0.5	66.5	10.5	-10	0	72.3	54.6	44.6	65.1	50.3
2019	6	20	14	169	157.5	163.5	172	158	25.7	82.4	28.1	25.5	30.4
2019	6	18	15	19	32.5	10	17.5	-8.5	59	36	40.4	41.2	40
2019	6	18	16	90.5	106	110.5	106	92	15	13.2	14.2	9.6	23
2019	6	20	17	135	154	86	135	82	31.1	70.4	46.3	59.3	71.3
2019	6	20	18	35	105.5	62	63.5	44	97.4	97.5	41.8	83.8	66.1
2019	6	20	19	100	24	69.5	64.5	55	36.7	61.3	63	59.5	51.2
2019	6	19	20	.	158	-59	-56	133	51	52.5	61.7	49.8	51.5
2019	6	18	21	143.5	215	208	249	109	34	25.5	15.8	21.5	43.7
2019	6	18	22	89.5	43	81.5	-7	140	31.2	12.2	30.6	28.8	27.8
2019	6	20	23	.	110	.	42.5	28	38.8	33.3	49.4	24.8	37
2019	6	17	24	.	.	.	.	.	19.8	20.7	27.9	32	25.7
2019	6	18	25	15.5	26	16.5	34.5	23.5	23.3	43	34.4	47.2	27
2019	6	27	26	184	203	205	170	200.5	23.3	43	34.4	47.2	27
2019	6	21	27	.	-37.5	.	14	0.5	56.2	68.8	76.4	51.8	66.6
2019	6	12	28	182.5	178	189	190	181	13	18.4	8.1	24.2	9.8
2019	6	17	29	48	21	31	21.5	-10	86	90.6	95.8	96.1	85.4
2019	6	19	30	109	264.5	29.5	291.5	106	102	55	53.7	25.8	35.2
2019	6	17	31	-12.5	-34.5	49	2	91.5	85.3	38	80.6	79	118.5
2019	6	17	32	138.5	210	188	172	178	59.6	57.3	68.4	63	54.2
2019	6	20	33	.	.	.	.	.	53	47.6	75.8	39.5	62
2019	6	20	34	.	.	.	.	.	60.5	77.6	51.8	41.5	55.7
2019	7	15	1	271	347.5	295	341	260	60.9	82	65.7	116	99.7
2019	7	17	2	253	264.5	240	247.5	233.5	101.3	103.8	94	105.2	91.4
2019	7	15	3	105	105	106	74	120	16.4	7.8	16.4	12.6	17
2019	7	16	4	162	144.5	140	148	88.5	108.6	72.2	82	70.4	5
2019	7	15	5	.	.	.	.	.	.	.	.	.	.
2019	7	15	6	98	120	106.5	120	111	47	48.8	50.3	53.4	53.9
2019	7	16	7	267	265	258	250	296	16.8	16.3	17	10.4	21.8
2019	7	18	8	190.5	214.5	127.5	124.5	191	91.6	97.5	94.8	101.2	119.8
2019	7	15	10	248	293	219	257	233	35.1	76.4	45	71.2	60.2
2019	7	16	11	149	155.5	169.5	175	196	71.4	51.3	59.7	69	76.4
2019	7	16	12	175	146	146.5	169.5	203	44.9	50.3	78.1	81.1	63.1
2019	7	16	13	111.5	157	117	86	122	72.3	54.6	44.6	65.1	50.3
2019	7	16	14	198	187	195	208	192.5	25.7	82.4	28.1	25.5	30.4
2019	7	16	15	88.5	109	79	84	50	59	36	40.4	41.2	40
2019	7	16	16	160.5	182	180	172	155.5	15	13.2	14.2	9.6	23
2019	7	15	17	213	214.5	159	204.5	166.5	31.1	70.4	46.3	59.3	71.3
2019	7	15	18	97	159	122	124	115	97.4	97.5	41.8	83.8	66.1
2019	7	15	19	164	79.5	135	130	132	36.7	61.3	63	59.5	51.2
2019	7	17	20	57	212	26.5	18	201	51	52.5	61.7	49.8	51.5
2019	7	16	21	206.5	265.5	262	283	177	34	25.5	15.8	21.5	43.7
2019	7	16	22	139	101	130.5	91.5	177.5	31.2	12.2	30.6	28.8	27.8
2019	7	17	23	107	191.5	103	131	114	38.8	33.3	49.4	24.8	37
2019	7	15	24	.	.	.	.	.	19.8	20.7	27.9	32	25.7
2019	7	16	25	110.5	122	115	137.5	124.5	23.3	43	34.4	47.2	27
2019	7	19	26	127	156	149	117	129	23.3	43	34.4	47.2	27
2019	7	16	27	71.5	57.5	71	106	82	56.2	68.8	76.4	51.8	66.6
2019	7	18	28	180.5	175.5	187	188	178	13	18.4	8.1	24.2	9.8
2019	7	18	29	124.5	96.5	128	131.5	126	86	90.6	95.8	96.1	85.4
2019	7	18	30	149	304.5	73	331.5	147.5	102	55	53.7	25.8	35.2
2019	7	18	31	107	89.5	154	108	186.5	85.3	38	80.6	79	118.5
2019	7	15	32	188.5	244	235.5	219	242	59.6	57.3	68.4	63	54.2
2019	7	.	33	.	.	.	.	.	53	47.6	75.8	39.5	62
2019	7	.	34	.	.	.	.	.	60.5	77.6	51.8	41.5	55.7
2019	8	20	1	302	371.5	326	371	299.5	60.9	82	65.7	116	99.7
2019	8	22	2	272.5	283	260	268	254.5	101.3	103.8	94	105.2	91.4
2019	8	19	3	152	155	151	122	157	16.4	7.8	16.4	12.6	17
2019	8	20	4	211.5	208	195	200.5	136	108.6	72.2	82	70.4	5
2019	8	23	5	.	.	.	.	.	.	.	.	.	.
2019	8	22	6	131.5	154	139	152.5	143	47	48.8	50.3	53.4	53.9
2019	8	19	7	284.5	284.5	277	269	312.5	16.8	16.3	17	10.4	21.8
2019	8	22	8	223	240	159	154	227	91.6	97.5	94.8	101.2	119.8
2019	8	20	10	276.5	320	252.5	294.5	276	35.1	76.4	45	71.2	60.2
2019	8	20	11	186.5	200.5	209	214.5	230	71.4	51.3	59.7	69	76.4
2019	8	20	12	213	192.5	186	208	224	44.9	50.3	78.1	81.1	63.1
2019	8	22	13	161	208.5	167.5	137	170.5	72.3	54.6	44.6	65.1	50.3
2019	8	19	14	239	230.5	237.5	250	234	25.7	82.4	28.1	25.5	30.4
2019	8	20	15	121.5	144.5	108.5	116	74	59	36	40.4	41.2	40
2019	8	20	16	193	220.5	213.5	210.5	183	15	13.2	14.2	9.6	23
2019	8	21	17	249.5	251	195	240	203	31.1	70.4	46.3	59.3	71.3
2019	8	19	18	144.5	205	173	179	173	97.4	97.5	41.8	83.8	66.1
2019	8	19	19	206	119	178	174	176	36.7	61.3	63	59.5	51.2
2019	8	22	20	94	245	63.5	59	245	51	52.5	61.7	49.8	51.5
2019	8	20	21	222	238	277	298	188	34	25.5	15.8	21.5	43.7
2019	8	20	22	149	111	140.5	100	186	31.2	12.2	30.6	28.8	27.8
2019	8	22	23	136.5	221	135.5	167	149	38.8	33.3	49.4	24.8	37
2019	8	23	24	.	.	.	.	.	19.8	20.7	27.9	32	25.7
2019	8	20	25	164	174.5	162	183	172	23.3	43	34.4	47.2	27
2019	8	23	26	108	141	133.5	105	118.5	23.3	43	34.4	47.2	27
2019	8	19	27	135	119.5	134	169	148	56.2	68.8	76.4	51.8	66.6
2019	8	20	28	166	150	173.5	175.5	176.5	13	18.4	8.1	24.2	9.8
2019	8	22	29	160	131	157	157	149	86	90.6	95.8	96.1	85.4
2019	8	20	30	169.5	324	94	355	171.5	102	55	53.7	25.8	35.2
2019	8	20	31	139	138	200	153.5	230	85.3	38	80.6	79	118.5
2019	8	23	32	236.5	288	284	267.5	294	59.6	57.3	68.4	63	54.2
2019	8	19	33	240	235	234	.	284	53	47.6	75.8	39.5	62
2019	8	19	34	.	.	.	.	.	60.5	77.6	51.8	41.5	55.7
2019	9	17	1	321	386	345	.	322	60.9	82	65.7	116	99.7
2019	9	17	2	274	283	262	270	257	101.3	103.8	94	105.2	91.4
2019	9	25	3	178	187	180	147	183.5	16.4	7.8	16.4	12.6	17
2019	9	17	4	240.5	231	219	227	160	108.6	72.2	82	70.4	5
2019	9	17	5	.	.	.	.	.	.	.	.	.	.
2019	9	19	6	144	166	151	165	156	47	48.8	50.3	53.4	53.9
2019	9	19	7	301	301	292.5	283.5	328	16.8	16.3	17	10.4	21.8
2019	9	18	8	228	242	163	159	234	91.6	97.5	94.8	101.2	119.8
2019	9	18	10	303.5	343.5	281	325	309	35.1	76.4	45	71.2	60.2
2019	9	21	11	210	225.5	232.5	238	252	71.4	51.3	59.7	69	76.4
2019	9	20	12	237	217	209.5	231.5	243.5	44.9	50.3	78.1	81.1	63.1
2019	9	17	13	175	223	181.5	151	183	72.3	54.6	44.6	65.1	50.3
2019	9	19	14	189	176	184	194	182	25.7	82.4	28.1	25.5	30.4
2019	9	19	15	137.5	168.5	129.5	139	94.5	59	36	40.4	41.2	40
2019	9	16	16	218.5	252	240.5	237	209	15	13.2	14.2	9.6	23
2019	9	16	17	258	259	204	249	211	31.1	70.4	46.3	59.3	71.3
2019	9	17	18	174	229	202.5	210	210	97.4	97.5	41.8	83.8	66.1
2019	9	17	19	233	144	206	203	208	36.7	61.3	63	59.5	51.2
2019	9	18	20	102	250	75	69	256	51	52.5	61.7	49.8	51.5
2019	9	18	21	234.5	292.5	287	307.5	204.5	34	25.5	15.8	21.5	43.7
2019	9	21	22	163	125.5	157	127.5	197.5	31.2	12.2	30.6	28.8	27.8
2019	9	19	23	140	224	140	172	154	38.8	33.3	49.4	24.8	37
2019	9	20	24	.	.	.	.	.	19.8	20.7	27.9	32	25.7
2019	9	17	25	184	199	185.5	205	188	23.3	43	34.4	47.2	27
2019	9	19	26	126	160	154	127	144	23.3	43	34.4	47.2	27
2019	9	20	27	165.5	148	165	201	180	56.2	68.8	76.4	51.8	66.6
2019	9	.	28	.	.	.	.	.	13	18.4	8.1	24.2	9.8
2019	9	16	29	167	137.5	165.5	163	153.5	86	90.6	95.8	96.1	85.4
2019	9	19	30	176	329	100	367	183	102	55	53.7	25.8	35.2
2019	9	16	31	153.5	149	215	170	245	85.3	38	80.6	79	118.5
2019	9	20	32	248	298	295	278	307	59.6	57.3	68.4	63	54.2
2019	9	20	33	350	352	242.5	316.5	387	53	47.6	75.8	39.5	62
2019	9	20	34	.	.	.	.	.	60.5	77.6	51.8	41.5	55.7
2019	10	14	1	323	386	345.5	390	321.5	60.9	82	65.7	116	99.7
2019	10	15	2	272	280.5	259.5	267.5	255	101.3	103.8	94	105.2	91.4
2019	10	16	3	153.5	162	156.5	124	161	16.4	7.8	16.4	12.6	17
2019	10	15	4	220	211	200	208	142	108.6	72.2	82	70.4	5
2019	10	15	5	.	.	.	.	.	.	.	.	.	.
2019	10	14	6	137.5	160	145	159	150.5	47	48.8	50.3	53.4	53.9
2019	10	17	7	298.5	298.5	290	282	326	16.8	16.3	17	10.4	21.8
2019	10	14	8	225	242	160	155	229	91.6	97.5	94.8	101.2	119.8
2019	10	16	10	320.5	357	297.5	342	326	35.1	76.4	45	71.2	60.2
2019	10	19	11	207	222	229	235	249	71.4	51.3	59.7	69	76.4
2019	10	16	12	244.5	224	216	238	247	44.9	50.3	78.1	81.1	63.1
2019	10	15	13	170.5	215.5	177	144.5	180	72.3	54.6	44.6	65.1	50.3
2019	10	17	14	222.5	212	224	229	217.5	25.7	82.4	28.1	25.5	30.4
2019	10	17	15	107.5	144	103	113.5	62	59	36	40.4	41.2	40
2019	10	14	16	204	235	225	218	192	15	13.2	14.2	9.6	23
2019	10	18	17	255.5	258.5	202	247	210	31.1	70.4	46.3	59.3	71.3
2019	10	15	18	165	191	193	197	226	97.4	97.5	41.8	83.8	66.1
2019	10	15	19	224	140	197	193	193	36.7	61.3	63	59.5	51.2
2019	10	16	20	96	246	71	64	251	51	52.5	61.7	49.8	51.5
2019	10	16	21	242	300	301	320	218.5	34	25.5	15.8	21.5	43.7
2019	10	19	22	157	118	151	119	191	31.2	12.2	30.6	28.8	27.8
2019	10	17	23	140	224	139	170	151	38.8	33.3	49.4	24.8	37
2019	10	18	24	.	.	.	.	.	19.8	20.7	27.9	32	25.7
2019	10	15	25	169	183.5	171.5	191	175	23.3	43	34.4	47.2	27
2019	10	16	26	140	177.5	169	143	156	23.3	43	34.4	47.2	27
2019	10	19	27	139.5	125	137.5	173	151.5	56.2	68.8	76.4	51.8	66.6
2019	10	.	28	.	.	.	.	.	13	18.4	8.1	24.2	9.8
2019	10	14	29	161.5	134	163	165.5	156.5	86	90.6	95.8	96.1	85.4
2019	10	17	30	179	327	102.5	364.5	178	102	55	53.7	25.8	35.2
2019	10	14	31	150	153.5	241.5	169.5	213	85.3	38	80.6	79	118.5
2019	10	18	32	240	290	286.5	269	296.5	59.6	57.3	68.4	63	54.2
2019	10	18	33	387	373	379	353.5	420	53	47.6	75.8	39.5	62
2019	10	18	34	.	.	.	.	.	60.5	77.6	51.8	41.5	55.7
2019	11	21	1	325.5	397.5	348	392.5	310	60.9	82	65.7	116	99.7
2019	11	19	2	273	286	261	269	264	101.3	103.8	94	105.2	91.4
2019	11	21	3	148	139	146	110.5	163	16.4	7.8	16.4	12.6	17
2019	11	19	4	173	159.5	154	160.5	100.5	108.6	72.2	82	70.4	5
2019	11	19	5	.	.	.	.	.	.	.	.	.	.
2019	11	19	6	120	143	127.5	141	132	47	48.8	50.3	53.4	53.9
2019	11	21	7	287	284	279	270.5	317.5	16.8	16.3	17	10.4	21.8
2019	11	20	8	209	231.5	145	142	208.5	91.6	97.5	94.8	101.2	119.8
2019	11	18	10	283	331	266	307	284	35.1	76.4	45	71.2	60.2
2019	11	23	11	174	189	197	203.5	218	71.4	51.3	59.7	69	76.4
2019	11	19	12	202.5	184	177.5	201.5	213	44.9	50.3	78.1	81.1	63.1
2019	11	21	13	151	185	155	117	163.5	72.3	54.6	44.6	65.1	50.3
2019	11	21	14	223	211	218	229	216	25.7	82.4	28.1	25.5	30.4
2019	11	21	15	90	114	82	89	47	59	36	40.4	41.2	40
2019	11	18	16	175	196.5	192	184	164	15	13.2	14.2	9.6	23
2019	11	20	17	234.5	237	180.5	226.5	190	31.1	70.4	46.3	59.3	71.3
2019	11	21	18	120.5	189	147	148	130	97.4	97.5	41.8	83.8	66.1
2019	11	21	19	184	107	155	153	144.5	36.7	61.3	63	59.5	51.2
2019	11	20	20	79	230	50	43	227	51	52.5	61.7	49.8	51.5
2019	11	20	21	219	297	281	302	174	34	25.5	15.8	21.5	43.7
2019	11	23	22	136	94.5	127	86.5	172	31.2	12.2	30.6	28.8	27.8
2019	11	21	23	119	205	114	142	125	38.8	33.3	49.4	24.8	37
2019	11	15	24	.	.	.	.	.	19.8	20.7	27.9	32	25.7
2019	11	19	25	125.5	138	129.5	151.5	137.5	23.3	43	34.4	47.2	27
2019	11	23	26	185	225	216	192	203	23.3	43	34.4	47.2	27
2019	11	22	27	70	62	69	102.5	76	56.2	68.8	76.4	51.8	66.6
2019	11	.	28	.	.	.	.	.	13	18.4	8.1	24.2	9.8
2019	11	18	29	143	112	144	151	140	86	90.6	95.8	96.1	85.4
2019	11	21	30	149.5	306.5	73	334	148.5	102	55	53.7	25.8	35.2
2019	11	18	31	120	124	182	138	211.5	85.3	38	80.6	79	118.5
2019	11	25	32	230	288	276	258	278.5	59.6	57.3	68.4	63	54.2
2019	11	22	33	367.5	374	358	330	400	53	47.6	75.8	39.5	62
2019	11	22	34	.	.	.	.	.	60.5	77.6	51.8	41.5	55.7
2019	12	16	1	345	413	367	412	334	60.9	82	65.7	116	99.7
2019	12	17	2	284	296.5	272	279	265	101.3	103.8	94	105.2	91.4
2019	12	18	3	158.5	160	160.5	128.5	174	16.4	7.8	16.4	12.6	17
2019	12	17	4	192.5	182.5	172	178.5	115	108.6	72.2	82	70.4	5
2019	12	17	5	.	.	.	.	.	.	.	.	.	.
2019	12	19	6	123	148	130.5	144.5	133.5	47	48.8	50.3	53.4	53.9
2019	12	19	7	285	282	277	268	315	16.8	16.3	17	10.4	21.8
2019	12	18	8	227	249	165	161	230	91.6	97.5	94.8	101.2	119.8
2019	12	17	10	309	358.5	289.5	333	308	35.1	76.4	45	71.2	60.2
2019	12	16	11	190	208	213	218.5	230.5	71.4	51.3	59.7	69	76.4
2019	12	19	12	215	201	190	213	217	44.9	50.3	78.1	81.1	63.1
2019	12	18	13	162.5	205	168	134.5	172.5	72.3	54.6	44.6	65.1	50.3
2019	12	19	14	229	216	226	238	224.5	25.7	82.4	28.1	25.5	30.4
2019	12	16	15	102.5	128.5	94	101.5	58	59	36	40.4	41.2	40
2019	12	16	16	178	204.5	199	190	176	15	13.2	14.2	9.6	23
2019	12	19	17	240	245.5	185.5	231	192.5	31.1	70.4	46.3	59.3	71.3
2019	12	19	18	141	209	170	172.5	161	97.4	97.5	41.8	83.8	66.1
2019	12	19	19	202	123	174	170	166	36.7	61.3	63	59.5	51.2
2019	12	16	20	84	235.5	57.5	50.5	236	51	52.5	61.7	49.8	51.5
2019	12	16	21	153.5	115	143.5	102.5	185	34	25.5	15.8	21.5	43.7
2019	12	21	22	163	126.5	152	110.5	190	31.2	12.2	30.6	28.8	27.8
2019	12	19	23	130	214	128	159	141	38.8	33.3	49.4	24.8	37
2019	12	.	24	.	.	.	.	.	19.8	20.7	27.9	32	25.7
2019	12	17	25	140	155.5	143	164.5	148	23.3	43	34.4	47.2	27
2019	12	19	26	181.5	221	212	188.5	199	23.3	43	34.4	47.2	27
2019	12	17	27	114	99	114.5	150	128	56.2	68.8	76.4	51.8	66.6
2019	12	.	28	.	.	.	.	.	13	18.4	8.1	24.2	9.8
2019	12	18	29	160.5	132	162.5	165	154	86	90.6	95.8	96.1	85.4
2019	12	19	30	158	313	82	343	159	102	55	53.7	25.8	35.2
2019	12	16	31	123	121	124	139	218	85.3	38	80.6	79	118.5
2019	12	20	32	249	302	295	280	305	59.6	57.3	68.4	63	54.2
2019	12	18	33	346	349	335	306	379	53	47.6	75.8	39.5	62
2019	12	18	34	.	.	.	.	.	60.5	77.6	51.8	41.5	55.7
