year	month	day	site_name	site_number	air_temp_c	barom_p_hPa	turbidity_ntu	do_mg_l	do_percent	dp_temp_c	conductivity_uS_cm	specific_conducntance_uS_cm	conductivity_temp_c	ph1	ph2	ph3	e_coli_coliforn_mon_100_mL	total_coliform_mpn_100mL	river_flow_alb_gauge_cfs
2019	1	23	State Land Office	5	1.9	643.2	68.9	10.99	81.8	3.1	260.6	445.7	3.2	8.34	8.33	8.32	574.8	2046	534
2019	1	23	Montano	4	2.2	641.3	39.9	11.37	83.4	2.5	217.3	379.9	2.6	8.48	8.53	8.54	75.4	686.7	534
2019	1	23	Badger	3	2.9	640.9	36.2	11.29	84	3	219.5	375.7	3.2	8.88	8.91	8.91	29.8	435.2	534
2019	1	23	Coronado	1	9.8	637.9	11.9	11.78	87.3	2.9	211.6	265.2	3	8.42	8.42	8.43	4.1	218.7	534
2019	1	23	Blank	0	.	.	.	.	.	.	.	.	.	.	.	.	1	1	534
2019	2	27	State Land Office	5	11.1	.	71.9	9.84	81.1	7.1	269.2	408.1	7.2	8.28	8.31	8.31	152.9	727	802
2019	2	27	Rio Bravo	6	12.5	639.7	77.3	10.05	81.9	6.6	242.1	370	6.7	8.45	8.45	8.51	104.6	1119.9	802
2019	2	27	Central	7	13.6	639.2	37.3	9.93	84.2	8.1	264.2	388.1	8.3	8.53	8.53	8.54	42.8	613.1	802
2019	2	27	Montano	4	15.2	638.0	57.6	10.04	84.77	8.1	232.4	343.8	8.2	8.51	8.55	8.53	31.3	435.2	802
2019	2	27	Badger	3	16.9	637.2	41.6	10.51	86.3	6.9	228.6	349.4	7	8.55	8.55	8.55	16	727	802
2019	2	27	Coronado	1	16.8	635.9	27.2	10.75	86	5.9	218	343.7	6	8.41	8.45	8.48	5.2	579.4	802
2019	2	27	Blank	0	.	.	.	.	.	.	.	.	.	.	.	.	1	1	802
2019	3	27	State Land Office	5	15	639.7	72	8.51	77.9	11.4	248.4	334.1	11.6	8.15	8.13	8.1	52	1732.9	1520
2019	3	27	Rio Bravo	6	17.6	639.6	120	8.53	79.3	12.1	233.4	309	12.2	8.38	8.36	8.34	63.8	2014	1520
2019	3	27	Central	7	21.8	638.5	100	8.47	79.5	12.5	232.7	305.5	12.5	8.47	8.47	8.48	42.8	1396	1520
2019	3	27	Montano	4	20.2	637.5	67	8.08	81.7	12.2	229.5	303	12.3	8.36	8.32	8.28	38.9	1986.3	1520
2019	3	27	Badger	3	24.4	636.4	45	9.28	84.6	11.4	226.9	306.6	11.4	8.41	8.41	8.43	25.3	1299.7	1520
2019	3	27	Coronado	1	24.8	633.3	604	9.42	86.3	11.5	225.3	302.9	11.7	8.45	8.48	8.46	16.9	1723	1520
2019	3	27	Blank	0	.	.	.	.	.	.	.	.	.	.	.	.	1	1	1520
2019	4	22	State Land Office	5	19.5	637.0	67	7.78	75	14.1	250.5	316.1	14.1	8.32	8.35	8.36	79.4	3448	2630
2019	4	22	Rio Bravo	6	32	636.2	66	7.97	77.7	14.4	241	303	14.4	8.5	8.51	8.52	69.7	2098	2630
2019	4	22	Central	7	33.6	635.9	59	8.28	79	13.4	237.5	305.7	13.4	8.5	8.52	8.52	48.9	1732.9	2630
2019	4	22	Montano	4	19.7	635.4	43	8.44	79.7	12.8	232.1	301.7	12.9	8.49	8.5	8.49	47.1	1396	2630
2019	4	22	Badger	3	21.5	634.3	88.4	8.87	83.1	12.6	329.9	300.6	12.6	8.47	8.48	8.48	22.6	1986.3	2630
2019	4	22	Coronado	1	23.7	632.6	95.5	8.78	84.4	13.7	231.3	295.3	13.7	8.48	8.48	8.49	62	1986.3	2630
2019	4	22	Blank	0	.	.	.	.	.	.	.	.	.	.	.	.	1	1	2630
2019	5	29	State Land Office	5	22.5	634.1	67	7.63	75.9	15.4	184.8	225.8	15.5	8.49	8.48	8.49	29.2	2419.6	3260
2019	5	29	Rio Bravo	6	19.9	634.0	65	7.68	76.8	15.4	174.8	213.5	15.5	8.42	8.41	8.39	32.8	1986.3	3260
2019	5	29	Central	7	20.2	633.3	58.3	7.95	78.5	14.9	174.1	215	15	8.56	8.49	8.48	37.4	1553.1	3260
2019	5	29	Montano	4	20.3	632.5	55.5	7.97	79	15.2	171	210.4	15.2	8.53	8.52	8.54	34.5	1553.1	3260
2019	5	29	Badger	3	24.1	631.3	57.2	8.43	83.5	15	167.2	206.4	15.1	8.37	8.36	8.36	9.8	1413.6	3260
2019	5	29	Coronado	1	21.6	630.2	50.4	8.48	84.9	15.8	170.7	206.6	15.9	8.55	8.53	8.55	9.7	1203.3	3260
2019	5	29	Blank	0	.	.	.	.	.	.	.	.	.	.	.	.	1	1	3260
2019	6	19	State Land Office	5	19.8	638.5	44	6.09	65.5	18.7	178.7	202.8	18.8	8.33	8.36	8.36	61.3	6488	5510
2019	6	19	Rio Bravo	6	26.1	638.0	44.7	6.5	69.5	18.7	169.8	193	18.7	8.4	8.41	8.42	69.5	4884	5510
2019	6	19	Central	7	.	637.2	42.8	6.67	70.5	18.3	169.5	194.1	18.4	8.48	8.49	8.5	51.2	4106	5510
2019	6	19	Montano	4	29.7	636.0	46.3	6.8	72.9	18.7	165.8	188.8	18.7	8.48	8.47	8.48	52.9	5172	5510
2019	6	19	Badger	3	28.3	633.8	40.5	7.1	76.6	19.1	162.5	183.7	19	8.53	8.55	8.55	35.9	4611	5510
2019	6	19	Coronado	1	30.5	634.9	.	7.5	81.7	19.5	161.4	180	19.6	8.55	8.57	8.57	14.4	3654	5510
2019	6	19	Blank	0		.	.	.	.	.	.	.	.	.	.	.	1	1	.
2019	7	25	State Land Office	5	25.3	641.1	43.9	6.17	72.61	23.6	216.6	221.9	23.7	8.6	8.6	8.63	118.7	24196	979
2019	7	25	Rio Bravo	6	29.4	640.3	38.6	6.5	76.6	23.9	189.3	193.1	23.9	8.77	8.8	8.81	60.9	9804	979
2019	7	25	Central	7	27.2	639.7	35.1	6.28	74.2	23.8	194.2	195.5	23.9	8.75	8.78	8.78	77.1	6893	979
2019	7	25	Montano	4	27.4	638.8	38.1	6.32	75.8	24.4	183.3	185.3	24.4	8.79	8.81	8.81	30.1	11199	979
2019	7	25	Badger	3	30.6	637.4	33.7	6.51	76.4	23.5	181.1	186.1	23.6	8.74	8.75	8.75	40.5	5794	979
2019	7	25	Coronado	1	35.2	635.3	41.7	6.88	81.2	23.6	178.6	183.4	23.7	8.77	8.78	8.79	20.9	5748	979
2019	7	25	Blank	0	.	.	.	.	.	.	.	.	.	.	.	.	1	1	
2019	8	28	State Land Office	5	23.4	641.6	59.3	6.34	74.9	23.6	273.6	280.6	23.7	8.77	8.83	8.84	344.8	19863	430
2019	8	28	Rio Bravo	6	24	641.1	51.6	6.64	78.2	23.5	209.8	215.8	23.6	9.07	9.11	9.09	178.2	24196	430
2019	8	28	Central	7	27	640.3	42.8	6.6	78.5	24.2	226.2	229.6	24	9.07	9.07	9.07	88.2	24196	430
2019	8	28	Montano	4	26.4	639.4	46.4	6.56	80.2	25.5	211.8	209.6	25.5	9.13	9.13	9.12	18.5	2419.6	430
2019	8	28	Badger	3	28.6	637.7	43.8	6.52	80	25.8	215.4	211.4	25.9	9.2	9.24	9.25	140.8	2419.6	430
2019	8	28	Coronado	1	28.1	636.4	29	7.18	84.8	23.5	197.6	202.8	23.6	9.06	9.09	9.1	23.3	2419.6	430
2019	8	28	Blank	0	.	.	.	.	.	.	.	.	.	.	.	.	1	1	.
2019	9	26	State Land Office	5	.	639.9	42.7	8.85	96.8	19.6	384		19.6	7.88	7.84	7.81	123.4	19863	314
2019	9	26	Rio Bravo	6	.	639.4	50	9.87	98	18.6	268.4	305.2	18.6	8.25	8.21	8.19	133.4	15531	314
2019	9	26	Central	7	.	638.5	41.8	9.05	96.4	19	278.3	314.3	19	8.29	8.26	8.29	91	15531	314
2019	9	26	Montano	4	22.7	637.7	38.1	8.79	99.1	21.1	280.9	303.4	21.1	8.38	8.37	8.38	58.8	12997	314
2019	9	26	Badger	3	25	636.8	32.5	8.78	98.6	20.4	267.4	293	20.4	8.3	8.3	8.28	62.4	10462	314
2019	9	26	Coronado	1	27.2	635.1	26.7	9.7	106.9	20	258.6	286.2	20	8.44	8.42	8.41	28.5	2419.6	314
2019	9	26	Blank	0	.	.	.	.	.	.	.	.	.	.	.	.	1	1	
2019	10	22	State Land Office	5	18.4	643.7	38.9	9.2	82.6	10.5	224.2	335	10.7	8.71	8.68	8.68	193.5	2419.6	718
2019	10	22	Rio Bravo	6	16.9	643.1	44.5	9.43	84	9.8	275.8	275.5	10.2	8.91	8.91	8.92	88.2	2419.6	718
2019	10	22	Central	7	15.6	641.4	38.7	8.87	83.3	12.6	222.8	291.1	12.7	8.87	8.88	8.88	71.7	2419.6	718
2019	10	22	Montano	4	16.1	640.6	47.9	9.4	86.2	12.8	201.4	262.5	12.8	8.99	9.02	9.02	57.3	2419.6	718
2019	10	22	Badger	3	18.8	638.7	44.5	9.1	87.5	13.6	210.6	268.6	13.7	9.08	9.1	9.1	47.5	2419.6	718
2019	10	22	Coronado	1	21.8	636.7	23.1	10.4	94.2	12.9	197.6	256.4	13	9.02	9.01	9.02	36.9	1732.9	718
2019	10	22	Blank	0	.	.	.	.	.	.	.	.	.	.	.	.	1	1	.
2019	11	26	State Land Office	5	5.3	630.1	47.4	12.1	9.63	5.6	244.8	357	5.6	7.56	.	.	248.1	3441	1880
2019	11	26	Rio Bravo	6	2.6	629.5	58	12.06	96	5.6	206	327.5	5.6	7.89	.	.	307.6	8164	1880
2019	11	26	Central	7	4	629.1	46.8	11.75	95.5	6.4	207.2	320.6	6.4	8.1	.	.	238.2	2987	1880
2019	11	26	Montano	4	4	629.1	47.3	12.08	98.3	6.4	207.4	321.1	6.4	8.02	.	.	203.5	3609	1880
2019	11	26	Badger	3	4.6	628.5	37.6	12.05	97	6.1	210.8	329.8	6.1	7.92	.	.	74.3	665.3	1880
2019	11	26	Coronado	1	7.4	627.2	22.6	12.62	101.8	6.2	196.8	307	6.2	7.96	.	.	31.8	829.7	1880
2019	11	26	Blank	0	.	.	.	.	.	.	.	.	.	.	.	.	1	1	1880
2019	12	20	State Land Office	5	1.6	645.3	15.5	14.5	103.1	1.93	225.1	402.3	1.93	8.2	.	.	142.1	.	549
2019	12	20	Rio Bravo	6	2.5	644.8	13.4	13.79	104.3	1.2	190.9	349.9	1.2	8.29	.	.	57.3	.	549
2019	12	20	Central	7	7.3	643.7	15	14.25	104.2	2.1	200.2	355.1	2.1	8.47	.	.	26.2	.	549
2019	12	20	Montano	4	6.7	642.0	11.8	13.89	105	3.6	208.4	352.8	3.6	8.62	.	.	12	.	549
2019	12	20	Badger	3	8.4	641.7	13.2	13.44	103	4.1	214.8	357	4.1	8.79	.	.	11	.	549
2019	12	20	Coronado	1	8.8	640.1	8.8	14.63	112.3	4.2	204.7	340	4.2	8.98	.	.	16.1	.	549
2019	12	20	Blank	0	.	.	.	.	.	.	.	.	.	.	.	.	10	.	549
